00100413
01f41413
f1402573
00000597
07458593
00040067
00000000
00000000
00000000
00000000
00000000
00000000
00000000
00000000
00000000
00000000
f1402573
00000597
03c58593
10500073
ffdff06f
00000000
00000000
00000000
00000000
00000000
00000000
00000000
00000000
00000000
00000000
00000000
edfe0dd0
18060000
38000000
dc040000
28000000
11000000
10000000
00000000
3c010000
a4040000
00000000
00000000
00000000
00000000
01000000
00000000
03000000
04000000
00000000
01000000
03000000
04000000
0f000000
01000000
03000000
10000000
1b000000
5f746575
726f6370
69732c65
0076726d
03000000
10000000
21000000
5f746575
726f6370
69732c65
0076726d
01000000
73757063
00000000
03000000
04000000
00000000
01000000
03000000
04000000
0f000000
00000000
03000000
04000000
2c000000
80969800
01000000
40757063
00000030
03000000
04000000
3f000000
00757063
03000000
04000000
4b000000
00000000
03000000
05000000
4f000000
79616b6f
00000000
03000000
06000000
21000000
63736972
00000076
03000000
08000000
56000000
32337672
00616d69
03000000
0b000000
60000000
63736972
76732c76
00003233
03000000
04000000
69000000
80969800
01000000
65746e69
70757272
6f632d74
6f72746e
72656c6c
00000000
03000000
04000000
79000000
01000000
03000000
00000000
8a000000
03000000
0f000000
21000000
63736972
70632c76
6e692d75
00006374
03000000
04000000
9f000000
01000000
02000000
02000000
02000000
01000000
6f6d656d
38407972
30303030
00303030
03000000
07000000
3f000000
6f6d656d
00007972
03000000
08000000
4b000000
00000080
00000008
02000000
01000000
00636f73
03000000
04000000
00000000
01000000
03000000
04000000
0f000000
01000000
03000000
0b000000
21000000
706d6973
622d656c
00007375
03000000
00000000
a7000000
01000000
63666572
00006b6c
03000000
04000000
ae000000
00000000
03000000
0c000000
21000000
65786966
6c632d64
006b636f
03000000
04000000
69000000
80969800
03000000
05000000
bb000000
6c617478
00000000
03000000
04000000
9f000000
03000000
02000000
01000000
6e696c63
30324074
30303030
00000030
03000000
0d000000
21000000
63736972
6c632c76
30746e69
00000000
03000000
10000000
ce000000
01000000
03000000
01000000
07000000
03000000
08000000
4b000000
00000002
00000c00
02000000
01000000
63696c70
30343940
30303030
00000030
03000000
04000000
79000000
01000000
03000000
00000000
8a000000
03000000
1e000000
21000000
69666973
702c6576
2d63696c
2e302e31
69720030
2c766373
63696c70
00000030
03000000
08000000
4b000000
00000094
00000001
03000000
08000000
ce000000
01000000
0b000000
03000000
04000000
e2000000
02000000
03000000
04000000
9f000000
02000000
02000000
01000000
69726573
39406c61
30303038
00303030
03000000
08000000
21000000
3631736e
00303535
03000000
08000000
4b000000
00000098
00100000
03000000
04000000
ed000000
02000000
03000000
04000000
fe000000
01000000
03000000
04000000
09010000
02000000
03000000
04000000
13010000
01000000
03000000
04000000
20010000
03000000
02000000
02000000
01000000
736f6863
00006e65
03000000
21000000
27010000
736e6f63
3d656c6f
53797474
61652030
63796c72
733d6e6f
64206962
67756265
00000000
03000000
1c000000
30010000
636f732f
7265732f
406c6169
30303839
30303030
3531313a
00303032
02000000
02000000
09000000
64646123
73736572
6c65632d
2300736c
657a6973
6c65632d
6d00736c
6c65646f
6d6f6300
69746170
00656c62
656d6974
65736162
6572662d
6e657571
64007963
63697665
79745f65
72006570
73006765
75746174
69720073
2c766373
00617369
2d756d6d
65707974
6f6c6300
662d6b63
75716572
79636e65
6e692300
72726574
2d747075
6c6c6563
6e690073
72726574
2d747075
746e6f63
6c6c6f72
70007265
646e6168
7200656c
65676e61
63230073
6b636f6c
6c65632d
6300736c
6b636f6c
74756f2d
2d747570
656d616e
6e690073
72726574
73747075
7478652d
65646e65
69720064
2c766373
7665646e
746e6900
75727265
702d7470
6e657261
6e690074
72726574
73747075
67657200
6968732d
72007466
692d6765
69772d6f
00687464
636f6c63
6200736b
61746f6f
00736772
6f647473
702d7475
00687461
00000000
