01020313
02330513
00650633
00478793
00150513
00000013
01020313
02330513
00650633
00478793
00150513
00000013
00478793
00150513
00000013
00478793
00150513
00000013
00478793
00150513
00000013
00478793
00150513
00000013
00478793
00150513
00000013
00478793
00150513
00000013
00478793
00150513
00000013
00478793
00150513
00000013
00478793
00150513
00000013
00478793
00150513
00000013
00478793
00150513
00000013
00478793
00150513
00000013
00478793
00150513
00000013
00478793
00150513
00000013
00478793
00150513
00000013
00478793
00150513
00000013
00478793
00150513
00000013
00478793
00150513
00000013
00000013
00478793
00150513
00000013
00478793
00150513
00000013
00478793
00150513
00000013
00478793
00150513
00000013
00478793
00150513
00000013
00478793
00150513
00000013
00478793
00150513
00000013
00478793
00150513
00000013
00478793
00150513
00000013
00478793
00150513
00000013
00478793
00150513
00000013
00478793
00150513
00000013
00478793
00150513
00000013
00478793
00150513
00000013
00478793
00150513
00000013
00478793
00150513
00000013
00478793
00150513
00000013
00478793
00150513
00000013
00478793
00150513
00000013
00478793
00150513
00000013
00478793
00150513
00000013
00000013
00478793
00150513
00000013
00478793
00150513
00000013
00478793
00150513
00000013
00478793
00150513
00000013
00478793
00150513
00000013
00478793
00150513
00000013
00478793
00150513
00000013
00478793
00150513
00000013
00478793
00150513
00000013
00478793
00150513
00000013
00478793
00150513
00000013
00478793
00150513
00000013
00478793
00150513
00000013
00478793
00150513
00000013
00478793
00150513
00000013
00478793
00150513
00000013
00478793
00150513
00000013
00478793
00150513
00000013
00478793
00150513
00000013
00478793
00150513
00000013
00478793
00150513
00000013
00000013
00478793
00150513
00000013
00478793
00150513
00000013
00478793
00150513
00000013
00478793
00150513
00000013
00478793
00150513
00000013
00478793
00150513
00000013
00478793
00150513
00000013
00478793
00150513
00000013
00478793
00150513
00000013
00478793
00150513
00000013
00478793
00150513
00000013
00478793
00150513
00000013
00478793
00150513
00000013
00478793
00150513
00000013
00478793
00150513
00000013
00478793
00150513
00000013
00478793
00150513
00000013
00478793
00150513
00000013
00478793
00150513
00000013
00478793
00150513
00000013
00478793