         0 	 xxxxxxxx
         1 	 00000000
         2 	 00000000
         3 	 8000e000
         4 	 8000e000
         5 	 8000e004
         6 	 8000e008
         7 	 8000e00c
         8 	 8000e010
         9 	 8000e014
        10 	 8000e018
        11 	 8000e018
        12 	 80000000
        13 	 80000004
        14 	 80000004
        15 	 80000200
        16 	 80000204
        17 	 80000208
        18 	 8000020c
        19 	 80000210
        20 	 80000214
        21 	 80000218
        22 	 8000021c
        23 	 80000220
        24 	 80000224
        25 	 80000228
        26 	 8000022c
        27 	 80000230
        28 	 80000234
        29 	 80000238
        30 	 8000023c
        31 	 80000240
        32 	 80000244
        33 	 80000248
        34 	 8000024c
        35 	 80000250
        36 	 80000254
        37 	 80000258
        38 	 8000025c
        39 	 80000260
