00100413
01f41413
f1402573
00000597
07458593
00040067
00000000
00000000
00000000
00000000
00000000
00000000
00000000
00000000
00000000
00000000
f1402573
00000597
03c58593
10500073
ffdff06f
00000000
00000000
00000000
00000000
00000000
00000000
00000000
00000000
00000000
00000000
00000000
edfe0dd0
a8040000
38000000
b8030000
28000000
11000000
10000000
00000000
f0000000
80030000
00000000
00000000
00000000
00000000
01000000
00000000
03000000
04000000
00000000
01000000
03000000
04000000
0f000000
01000000
03000000
10000000
1b000000
5f746575
726f6370
69732c65
0076726d
03000000
10000000
21000000
5f746575
726f6370
69732c65
0076726d
01000000
73757063
00000000
03000000
04000000
00000000
01000000
03000000
04000000
0f000000
00000000
03000000
04000000
2c000000
80969800
01000000
40757063
00000030
03000000
04000000
3f000000
00757063
03000000
04000000
4b000000
00000000
03000000
05000000
4f000000
79616b6f
00000000
03000000
06000000
21000000
63736972
00000076
03000000
08000000
56000000
32337672
00616d69
03000000
0b000000
60000000
63736972
76732c76
00003233
03000000
04000000
69000000
80969800
01000000
65746e69
70757272
6f632d74
6f72746e
72656c6c
00000000
03000000
04000000
00000000
01000000
03000000
04000000
79000000
01000000
03000000
00000000
8a000000
03000000
0f000000
21000000
63736972
70632c76
6e692d75
00006374
03000000
04000000
9f000000
01000000
02000000
02000000
02000000
01000000
6f6d656d
38407972
30303030
00303030
03000000
07000000
3f000000
6f6d656d
00007972
03000000
08000000
4b000000
00000080
00000008
02000000
01000000
00636f73
03000000
04000000
00000000
01000000
03000000
04000000
0f000000
01000000
03000000
0b000000
21000000
706d6973
622d656c
00007375
03000000
00000000
a7000000
01000000
6e696c63
30324074
30303030
00000030
03000000
0d000000
21000000
63736972
6c632c76
30746e69
00000000
03000000
10000000
ae000000
01000000
03000000
01000000
07000000
03000000
08000000
4b000000
00000002
00000c00
02000000
01000000
74726175
30303940
30303030
00000030
03000000
0d000000
21000000
69666973
752c6576
30747261
00000000
03000000
08000000
4b000000
00000090
00100000
03000000
04000000
69000000
80969800
03000000
04000000
c2000000
00c20100
03000000
08000000
ae000000
01000000
09000000
03000000
04000000
d0000000
02000000
03000000
04000000
da000000
04000000
02000000
02000000
01000000
736f6863
00006e65
03000000
1d000000
e7000000
736e6f63
3d656c6f
53797474
20304649
6c726165
6e6f6379
6962733d
00000000
02000000
02000000
09000000
64646123
73736572
6c65632d
2300736c
657a6973
6c65632d
6d00736c
6c65646f
6d6f6300
69746170
00656c62
656d6974
65736162
6572662d
6e657571
64007963
63697665
79745f65
72006570
73006765
75746174
69720073
2c766373
00617369
2d756d6d
65707974
6f6c6300
662d6b63
75716572
79636e65
6e692300
72726574
2d747075
6c6c6563
6e690073
72726574
2d747075
746e6f63
6c6c6f72
70007265
646e6168
7200656c
65676e61
6e690073
72726574
73747075
7478652d
65646e65
75630064
6e657272
70732d74
00646565
2d676572
66696873
65720074
6f692d67
6469772d
62006874
61746f6f
00736772
00000000